14026375
12028779
51427407
49833972
76154335
37460291
81053098
48940108
72166571
13547139
56817090
3543763
36040733
69665134
80036114
89164807
949777
35043700
84894412
87476478
59562122
56486098
73382663
6964950
98141217
43449129
27585052
17542307
41561366
92874077
85071832
67053535
83694884
35232572
10497101
72937145
40715742
77358846
20912285
66048675
12483791
13579814
31933904
55113032
19001524
98474888
51502863
74639514
30672316
45021723
45513156
59442465
34861654
32712901
71768108
27159723
28144793
70771895
78637164
52084679
67779311
86926078
4564391
89409691
30395892
29109517
74787980
55125660
98342064
42168656
9581024
86926573
77767209
28708892
3825689
36500271
24667544
49580087
59847574
79479914
49579743
57048245
3374119
49184492
94660886
30667144
69064216
69291446
53512220
72313145
70079061
34885164
62574827
69933691
33941524
74996076
70120424
20691129
17457126
18698842
12251285
31880962
69659906
3578832
17841750
46341949
53736145
86069678
46302620
70151433
90962352
69454518
27984187
21675942
82746601
17619645
4815686
45478560
98907082
3043865
607040
36336764
73993704
62090553
50750617
45898101
90602126
81842048
3321155
26548972
66782007
35051835
18691603
91476029
75180077
52184925
92688496
56391173
44660992
35038169
49211292
49341458
91936834
55154406
90285203
90492033
2631397
82715345
87760808
50014723
35087551
61634408
16563628
69782624
69358982
12357493
13421944
7164339
5974430
86367298
88843804
78056329
3091513
69018605
50434547
32541038
31381106
51416867
96970179
23151565
92719723
33619668
60467261
56255588
74429252
28141296
61391444
36482074
69720792
75678458
67605208
30560106
80148777
14898028
86439767
53399260
33075384
58731362
24738256
47875768
27429752
73212380
83095995
98807887
76130046
46882975
22531355
3184969
46650284
34804243
72655813
20120147
42447325
50002392
75233181
48369756
64726849
4756723
65891686
40141145
52109465
16692365
78322908
25357125
12664646
85922352
90326473
17595153
9934349
21461513
45033917
80731437
77315120
60446298
30574636
49786821
1544974
23959705
5266198
28558578
32437952
52579828
5228828
3415282
53416248
29086175
48624857
15602261
58337154
94916881
67198270
91541509
9101197
8293860
38693972
13408685
2202307
37223809
69832411
86889245
26923172
11387740
24512097
71787475
43066385
50173861
14635440
28513221
35394776
80039499
89486503
24593487
97885527
78321240
60964541
97521097
15114608
16599237
75281941
57820143
81987645
11181439
27698190
86926144
13597511
91324103
61393302
29397844
88032485
27373390
87871832
66286936
67263301
81069738
66078210
82832942
14804514
88940184
99436314
4039362
48743465
63231300
87998085
2438672
66393820
69464691
7283762
76709503
84464244
20064850
92340887
29529495
17796674
77078584
57222559
57115900
12943944
22954474
65454864
77565846
28719364
24803590
32072439
28476422
89021352
50797255
88351819
25077727
88719039
68196184
53383557
62981194
52612980
38030445
20858243
13532586
54379316
5725974
67439454
52971113
40400579
8214168
9115106
40058079
73029247
67657479
72839192
90504307
28317769
16607267
96853771
3670374
27145597
6196687
80452700
8127691
82083182
17523918
31200829
82493512
85222941
84684482
73497057
2578845
28812509
8225361
5672908
89264886
28196729
58121921
85132047
27890328
11296011
40109653
17155381
63695743
55232998
19101180
26151132
1532034
11498533
47541681
50144098
80545026
45871729
56043682
81978507
43999067
64954807
56167056
28058160
47826523
17260160
50671637
18263826
28777497
15211247
49490757
78487253
36498283
15450710
67842153
5347810
7707852
96502372
75251160
10662458
9388831
85387038
3244510
99921022
4852091
94695631
73487183
54296091
438244
75626545
37169466
47032938
72624820
44744960
76379916
93546310
77099109
85805744
86770732
75246135
60198592
4684645
47226048
69769839
22552782
30419356
88607578
78234481
38970311
94913956
27106032
26279675
1834502
97227337
92958906
21093530
71546049
40012448
61198012
51128991
16282076
39622985
48900293
25661329
64640217
98576869
73918409
86978077
60624245
91101948
78401978
58058319
67672395
64409265
58184943
8331385
3957338
62994898
80808947
90246733
62899772
71582089
55962290
67949508
19169240
4879653
50840852
67645495
58046073
88093183
65483650
44901877
68423482
3610648
18601512
75114114
2237218
73459836
5307936
92215780
51878636
42805292
91596839
77565426
44847189
54783476
60560252
75403879
35666682
17164314
94236457
87579711
32762929
28023715
71267652
91111879
53680638
16383903
59084855
802466
99203923
47071508
35367482
67132661
54815946
25336043
3912282
9535575
51448502
52479035
23654428
5658307
62219288
13785612
88229114
76790887
76086805
65807634
36507661
13987448
23316679
84236757
84715033
20795825
12123252
49066758
23599584
41617483
99402427
21570401
19408068
58266809
8027587
20681506
37115245
18515735
14206260
71448545
72266403
50893846
98335676
41518191
64654661
75256721
86023688
56559203
93746459
6803083
43682802
11397297
74349874
93213431
30637560
42541525
88257923
71063558
70057504
33971632
55667471
5715958
93397975
46534241
5630231
3564954
56254254
26823910
87167680
30309334
838896
25365001
83134072
90616125
81906979
8931346
97129661
72848995
41209950
12537472
83110655
51203188
42445004
93610353
26662009
23386241
79419001
50715576
85300049
28220823
92334508
36788674
25718960
4994684
92347217
182754
49182766
21453445
98376904
17905934
41567552
14928673
67798127
95286254
49384432
62427815
55146470
52184687
50234919
304598
1952412
94718072
89790953
63423388
17599791
77532798
14606089
1903980
5871302
77373776
38689113
80579528
92688915
41802382
82423772
85399195
21095996
27944383
58376936
82870600
21935986
59744217
9833188
89724656
47498603
36217698
49063340
36627890
76653402
34543343
20305738
33371267
87500372
86849499
14544066
96851646
11395538
56366793
12541712
74634426
55762834
25477086
52831788
34131692
40580962
56793909
67040347
51697
75612170
33240704
81705553
57422493
37928681
93715675
25414498
21308547
76685179
76471612
83199862
28115342
493758
61248742
89421513
84994508
82720313
51141017
59843429
70469459
85735205
57833676
46137030
86438482
20153412
21396759
66947770
33231417
43184640
50631125
80692237
46160353
41397385
58069789
54942168
95492136
42338930
43812684
22429394
56902484
38968577
53502760
66376864
38782533
23702477
21448494
28218484
20533802
48775782
66658155
75197763
31922005
96284304
827899
12448858
39452649
50412077
51567767
17265732
66547164
41901201
64143035
73614687
26941555
67931523
7391696
73769067
85243889
7739804
90385209
72519679
41554348
61180414
83349440
74364110
21938096
39917828
28474792
65858638
90042918
2438244
77708128
13519149
71224979
60047092
56130348
81840257
56664181
6812070
34227013
59351414
61279933
76867354
15732053
83502873
45355408
81808234
64622225
40930193
7770221
90165102
45995668
90137762
20932928
89955338
70221494
82111317
48472268
48614354
26962710
73324040
5515311
94943304
20287114
14910753
55761945
8778010
88658763
66590582
28272481
63902647
14102602
41844044
36644206
42856292
98488546
56714898
70931179
19950191
62161495
69604500
29625742
27309443
56885807
74323557
28957456
87782060
42997836
70770818
2459639
14092384
98592319
93455589
68791625
5354387
30454583
36090500
20042058
44252955
98295132
7761897
18027015
18872766
56328623
54032668
2272295
387911
53104177
5010901
52639826
40095345
70008495
53942616
30663180
35524677
57302721
96238229
43702173
69803461
98566380
9750549
38862620
29759652
63297850
44093131
899733
33030901
95166465
72461794
70824564
27533552
99972051
53493046
50879687
64843419
77239074
29068994
8729018
74787404
56312030
43169260
83011183
67542533
78973506
39156241
7073226
92627634
26161535
71652754
8289562
61327732
28894942
76351140
34084474
18582025
6106822
23389628
58953656
60623860
16338393
14138021
86313144
91350159
74589096
85087957
2109919
99459164
84568241
14178103
82019469
32854759
44745858
10945746
54417409
68195562
44813842
85975547
32754879
98953105
28728952
89399038
30801871
84979405
23816086
17258270
7973297
23644415
91776070
81500873
8692583
9574994
11790205
17163522
75668452
7121372
89993720
31961203
27504002
19373616
22482430
1386283
14814520
81770626
3113155
77952896
73858488
74069183
15305409
30420052
68770535
94156240
67473072
58752226
13391893
59189814
67880757
75832864
94664640
2874992
56306921
73503837
59204266
6171598
83008315
69405176
93737658
2103521
30992738
16894161
84548420
45012000
33186386
6815760
45485672
91253813
11044635
40916293
49295631
47330393
14034300
64607275
78929223
60537430
69229591
1352597
8515698
79841321
90458278
55079409
35415252
98444350
93550629
38136233
9166755
60496537
58596851
53032220
73039984
70981969
84881700
43457176
95966079
46556025
3327869
21134608
77871207
50594949
67651668
27922584
78310800
30977168
14920837
32661756
94228062
78735318
51000065
48637163
63923913
39909176
89571187
93901495
80474852
47136163
91066792
39486701
87105459
33845093
31466938
10713539
27499202
23949221
60231040
20289140
17208686
83459874
19412714
12226541
24118506
14186405
22407654
20412681
60602105
88532149
82994154
26258155
43626
16849582
54703964
73611193
8216129
18074727
32750881
28468599
23486209
96689883
28103375
28591685
11338168
83683038
66569200
87284546
40737523
56195139
91827774
95042364
12570941
36399646
71260907
36289985
48401413
60424285
46993241
50905384
95235329
56769292
49881826
38542419
36405974
84201769
31451922
42343638
25126610
5019248
23733169
74709510
43154202
58070914
91392208
22467289
68321218
88629890
72303904
19157591
38417834
78489742
77442838
86897991
5960411
5107374
99129916
30060750
34365604
89139916
50818816
19247378
53411997
67977964
21922174
91084930
15973720
31321284
86303932
98826757
18563464
52453384
5115819
81826920
1380344
26097622
99967371
44820872
67958596
38648828
24626555
21578526
27967526
33833737
63662426
49384230
88974160
73611415
30029032
48602106
12264865
32727867
80783777
5091614
20941423
34285639
46358210
87701961
80435405
48893130
89845549
38435392
63528848
18952097
43441914
17704156
31067842
67736454
64578423
29186193
55358764
90412980
72622448
55702930
79619684
52516229
78306676
5693216
84823502
90933501
20737740
52186120
54305361
93233415
91669138
89973834
6017552
97407365
70151939
63329391
88784912
43309408
38431067
8763285
8287825
94987535
68039884
7762179
340494
63640235
22158804
67319111
67263866
91445932
65943500
12724324
84038313
91470729
1092476
93348775
65189841
82867490
14395246
17648757
29532016
91373040
90288056
68835982
30291993
79149621
26167915
43626116
16619146
59289497
44708319
13981196
45453230
33660503
41371500
47704563
69747491
50188928
92182415
59921461
84887142
97969320
45834448
56097630
96345141
40282706
64887140
86936144
11015557
51809496
66853063
92493854
94024718
7681894
20154419
95743378
82313709
30768335
86972711
68089918
21628987
53556115
71678030
52548353
18041050
35651183
20096253
9103315
90557979
94931873
6420981
28664190
7650909
5045
61962584
75952879
7563365
23552390
94886427
35411937
47423196
80182058
2630123
74464013
15968316
55227872
28403157
77407634
6422327
48305743
34911026
25485626
10329318
35324304
3149175
96673640
77938436
41911034
47847498
50147315
8835173
90050834
93323698
48556867
54013525
46759056
600416
72174484
1743534
9586261
89418720
3518468
48902081
32095544
51869853
39209599
85133879
85867553
53066340
13630440
62466164
72715374
34219051
19960147
75229864
64490431
98847310
28982009
45903472
78933723
16871087
80846310
88908004
34206211
43957332
87473914
68943842
65619550
15221695
61110293
37859786
4764970
49047421
27224899
24097428
15923354
94510090
48827207
89028455
22342134
88838680
35197991
44582144
87533002
20061268
54652754
47572646
68092728
75083113
29883648
13831581
43826003
31752097
44971977
78487782
84989371
4691283
31664497
39926583
33032163
39950781
66667264
30471848
58242673
16159158
34476453
72324748
94592970
53416950
53620211
47512454
75782247
4231930
78498267
21249209
51273140
32255842
12600495
34573878
63470240
66267114
21911106
11822560
415418
32022925
35195342
43662241
85362144
89224295
73535110
19020449
99865006
50674989
99628551
76553604
61475107
17497036
2954279
37343783
81463315
10575079
33725624
81135096
18919562
70930938
93467601
61953790
94857127
94901230
3194890
93120779
25686565
55224353
23134645
68452166
2533625
43945917
12438523
78310341
67012297
80196792
44483285
15065574
74921226
34500739
70256024
62530109
6678813
21547922
88015687
43148682
44558106
68203007
44375032
80535648
47218025
94808946
88445624
75142098
57328381
89456634
85145629
39945828
41734931
9623609
5191763
44840247
2920760
98867819
43493949
41177851
83246073
30201085
28515915
81069915
46678042
48899003
28416816
42922674
76976786
74718086
32800762
57762660
21854700
99035322
54416369
31250705
95719999
31677188
79281401
60932932
4312355
29602129
39776149
68339155
6782692
85178854
9099404
27710869
97418905
67515632
12123073
93145257
67029846
79935716
74680965
6049864
62946034
50803770
61892242
89387706
9817887
1979261
35212479
27707975
12006017
15447387
46856465
55120458
77418876
5011085
21477883
96360773
30797753
3434642
3576694
40440210
67695312
26886327
62656129
3712642
11364867
64475810
75718016
60650548
20751847
15293008
56502569
5455699
31739243
22176148
17790447
7608967
97224173
14833686
63750103
4239118
55614335
96647005
19009825
96527464
85616899
13230340
94323318
67653834
44556791
93854711
82531567
90292276
51936108
33643748
27944748
43123514
45819002
85503397
85026220
54817891
59798913
13025328
66168042
83523584
65831791
63554868
30017421
46827795
23764081
45552864
28857244
57030668
63858854
67174961
3235712
2894648
65984260
88089365
72736278
75795901
13914647
2320988
64848860
3093757
92086328
35921302
35766452
90863910
89151172
25479295
26287011
3211699
53825860
9554768
79294811
48036956
53469243
22441994
34209110
5061750
76281369
22795802
88715518
55947686
30071994
1914464
36706719
18912051
88047957
76197740
17014658
63323354
46870882
68217011
10412871
56149212
37327296
52438827
57360443
32658568
64926094
12874896
94915263
48032709
29271624
26168148
62488627
19354371
5807370
44781079
29822531
64574432
51110810
73136129
26128955
86443041
14120053
4010055
58301130
1170422
33237287
79459781
63325014
10986240
55493664
31271420
32254186
39814135
69878141
71171244
39831021
54894495
59612832
50314344
14107513
86597908
66200153
22742262
20269827
42619871
98852921
17498192
43795482
67304238
50947399
2634684
5896556
6118613
91942307
70381158
17358223
54017790
48824933
79360727
75370566
42913820
58940542
96397079
95736506
99389002
62987010
68632941
28737766
40062715
62388959
72379999
32377876
29653072
79966901
29735644
29983845
65479366
5999870
45300129
11375578
35205030
29943996
31241610
83571903
88839178
54055701
58833439
18364961
72635909
28597271
66325050
46077665
61510101
83749627
64625677
17077653
21377812
69315540
11640197
94041679
59270581
48330224
49108983
43569680
44037362
89459015
12058057
6052123
62267275
12190625
40504323
93154376
89763144
26203784
26416776
22063950
62526513
26766960
95281146
4858652
59856001
34256960
32790746
97879256
55625216
90502293
29042895
47201638
40695898
3393121
2385226
43214424
7560268
96015254
1700272
48378557
60664225
17644806
11206502
77370571
46019570
66156395
4674923
51721843
73975323
25213451
26998037
17173833
92055156
69703324
30050922
46875301
92645387
68718048
54068037
38049488
43489436
57494986
36819025
87310606
97274898
39366458
955604
95252500
51395816
48515764
36559854
85834910
61821684
90951953
66762628
83983106
79473401
81896843
75806902
22074895
33241678
65377252
86418473
83489212
35697753
21214019
44361928
5032284
52268103
75035404
12783408
70184299
24151664
10913203
58691194
99853155
65400573
43681638
31789210
23989009
91514089
66393121
58814181
48886898
68765274
73705648
19288432
46540096
5591899
52218358
31580960
44013536
52171410
91665648
66802705
10025014
28207801
55705707
81796020
97291961
48526409
98151501
69563567
29573689
36114550
70766458
68473079
81380130
4078891
27761144
39577615
54667983
66924832
16713163
94073584
3988667
11652535
45085108
99367188
2121479
13695621
28709345
66915744
95193922
28647140
63988737
4699194
96159871
92842088
29614331
9571305
28761429
91219498
98629076
63461101
39070884
89399276
38039364
83042279
23491408
89725913
42192631
2142166
62223207
43489455
33594473
26752458
73995847
51554421
45214003
37975292
87320056
8320133
69067651
1979548
46692058
3990118
1996808
96892589
80799397
35375516
54371747
51720820
69651993
39621569
13248928
29606868
38165749
10369835
97080079
37671640
66161510
62684958
7182154
15001577
7771882
55545077
33811978
48072257
99061354
12265287
25101991
71475411
50682298
69997407
87854572
38116776
80394341
13146542
8985721
49431345
6654728
1885198
66214669
49643471
74094700
31212046
78498050
43869573
44168256
11729073
62926137
48382088
85090191
16946417
29446964
7001091
87646306
82242231
78386411
65759067
98084454
64258340
39170939
18638498
26846187
91003859
12369453
13816093
50052658
75544312
57266011
84648040
57400030
13521182
94412898
34413294
86300476
70355950
81452142
32604701
84190668
91813714
34590518
22136530
28171522
3560179
32263927
99890465
64468537
71258634
39269870
28168910
52098926
51813696
90584091
29934445
50923894
96527655
19780066
89914893
35557894
94196969
3427737
79379109
87566695
10730219
68958030
70757163
49540965
59072836
47267803
87403452
58988346
14669094
13624037
753545
87387194
98768787
58651799
57522668
65076075
78647745
66432265
67245465
95366836
61366777
85565023
88680188
40614886
74831521
61714708
29348813
24915638
56679717
16251313
5076376
96789373
55554853
37997367
61740633
56331550
10649820
89487692
47122322
96349226
53555826
36418142
19831040
59810027
77219426
68485751
91944692
30768637
27634037
60883923
13065321
28863097
54593348
18680408
30737025
28823508
39608396
27275490
95637184
61383188
16445158
704758
5189333
64931391
1188495
18609145
33003858
22358723
81906661
93315473
20087967
70518513
99166058
33017301
30140541
11126755
54453974
97579775
70039496
67268064
7090159
98251514
6003005
56887311
24490008
67772647
24351768
3018676
31376520
57493895
84394283
74202086
17409746
41284343
48242601
77166544
40508447
66214654
12871581
5804559
84056725
47140350
87034931
75862570
11277425
47340904
33506539
93174612
4072341
39102739
53820898
30015741
49671138
22292660
51649652
33430240
93811391
44243451
43256157
15111202
96004451
27005403
71559505
17199529
97805185
91086252
95822488
68219474
88509715
2667224
13565588
58570546
23043512
96865402
21360119
70638406
4890119
58015165
1589328
83676551
52964420
28211965
40466683
62667957
74007342
59663270
63241774
13172898
49581643
64347187
63294927
43333571
5125306
92859586
43797203
51602445
37042016
16332446
83331608
13986170
38379213
50893859
80826719
24842476
68286019
81270531
66736270
58733755
95316752
55128140
17471318
37168641
91030060
57866467
53952150
69994712
50247212
2214267
97157034
26522549
79437608
5037324
94647468
63186074
30640712
91405466
57736900
104240
80741330
87573667
60319816
3762934
7006907
78674670
87957240
93555118
57865475
67090042
25760089
95191494
78404823
67788218
8687678
12247268
5894100
60589146
14378859
92078038
4903309
53970686
40082764
75728673
30724085
87394870
26699765
52732979
16325208
54073956
90986972
11804792
71595234
53604164
12514170
30608737
6747859
10226372
80359174
49260107
61436057
47066853
90620298
11300524
29300731
79389153
71149696
39061997
11957021
25824460
94795246
48803576
81014734
55585522
54723831
9699916
7426774
57762479
4652800
94818731
37932172
96534405
72812680
28058558
70341961
31633702
99558298
51424110
5677204
92551926
31016220
1176723
1824152
13090092
21759340
89584226
29344931
81310567
94635875
49787266
92237789
90565710
32071929
71567821
15070192
39345537
81345887
8395442
82551870
69131556
87374130
39215854
87564674
97403929
18298590
86498896
47447134
57208099
40709483
2374860
62633568
94940964
49888769
53081723
11694497
77441141
95465881
31926961
72747280
46460247
25858093
7722121
1295926
57138348
75633101
94251856
22004020
56168659
90675776
80687788
60874104
55265603
51384122
43779835
65158572
10121727
97421086
50536613
53919812
42406666
42910624
76394032
4234552
34513486
49678021
97626984
47396861
17853147
98936955
98553198
19146158
99364358
40455009
62760481
14347265
64375916
68725036
54284196
91774651
61781971
30836187
6865840
58121943
85219680
90703962
16203922
51990443
78947217
28184554
59891654
91351956
34657134
59628834
71068902
5948889
6440541
23205737
53273062
60039358
77383025
36936294
58121809
98543624
86754265
70801799
57336281
37109346
78823671
77060409
76640593
40703831
52933920
10361426
61420430
49599899
87979235
87834550
84549438
873142
37381015
30895122
74992124
70806455
81261596
42078552
6433568
916755
98596481
5681456
40260215
99572391
46571047
34035065
33667389
63190881
94826987
72834924
20177398
95718417
5747239
33430256
71348572
28343744
6388733
94606641
5712753
46544234
63451504
41220898
72710731
17881980
94897743
54316851
17893673
43651748
14635923
87974626
26924999
80456047
78705667
44434842
69349042
62746253
94670729
71881054
90073632
85433488
43967225
91164199
92581074
98974114
69787307
8009509
97598066
17571774
19513535
14606245
12675119
12136250
6952326
89772239
55261815
16791840
60892006
80455234
86087865
47557771
44626898
75304
4035799
19299648
71863458
5673631
26529948
63883571
8397592
88861164
50430676
85814778
41196589
48376192
57343046
45645383
68133402
63549949
50055825
84030716
18497411
39175312
16211599
13267412
3560255
94754080
82042809
9553402
56198458
26784447
15604850
16567543
21000195
64869679
28028539
75287119
24640989
36047062
55837246
90188183
22668069
16998988
66787062
78033321
35178486
78690649
5020382
46721278
48901141
40324133
76625032
86504136
3371290
98263122
35618003
66630603
96295701
77254214
40613615
37616288
71417702
96571600
62947532
96877746
2779262
78820448
92716942
13529911
45589990
96963347
28381137
51239687
17088799
95572035
25894079
86638485
5058879
37940663
22978119
15742142
79595309
78850946
33650903
31868522
82966984
94767416
71579528
79680210
68488163
80260432
39071721
75179411
53360606
32133576
43342045
13152689
58799487
3626031
41112934
14749509
4887249
1321486
20974805
17565945
72296350
83549144
54802371
99283080
6134525
368606
41654172
25775462
30627964
20250544
83166718
86525917
20055293
41584175
10289752
28594222
65582389
59980102
56432281
90700619
396519
83094205
9588699
87704133
69101338
93579919
7602715
18417027
26096812
43080933
63418659
35413015
7520711
41437442
5768674
96443155
22899122
42875354
28143375
71517366
38384713
10222988
30100896
38207847
5254947
89166766
36483478
27713287
54065332
95929647
77159337
69697909
2161791
20142806
94216200
2702299
54362178
65923332
34737486
24212687
3237121
30482245
52586241
65872273
39197878
50965727
56047741
77275010
4803317
22503143
28144554
22108877
26026839
94903359
87880911
69379898
5545903
23581629
22794992
92465173
8359851
30247856
4318998
56483513
33781364
97998347
58906599
44167269
29281017
31885096
58241738
24362711
91815336
49878912
8552109
57824325
48935605
12068482
35741966
32016288
79362880
49025482
72170091
67281516
95767749
70233412
37931733
86654052
74600703
91613806
58543517
98061561
15632450
74442442
30091527
63180402
92818629
27983552
58793065
46593352
54002217
35238085
90833846
74188762
53150648
49480687
7036744
84063050
78384732
86892857
2212823
49794585
615624
27240559
95048716
20692163
49193777
12428164
99142811
75864874
69078004
990363
43106664
23422793
58254638
77022571
86214
12569587
88595651
51571893
40405723
88410618
17157634
59672261
43431684
70854775
32124848
22038283
44361093
37801305
35742800
43412473
19728229
95386258
65896693
55595001
92074301
76327374
31075571
37968934
35304904
31124623
23753589
43893760
21332067
47640579
31271959
57847998
82432749
74118271
58524368
73787763
92418779
96096675
87344049
82887460
21356284
64417361
90144411
75430009
97487053
24417945
26601041
80873515
39870887
67624946
15810384
80210222
19640134
81694484
58334927
22144122
69048176
5787648
28889478
61949329
78409093
38114306
90111968
57002899
7737873
18532618
50252533
32705375
37609535
84743064
66717702
57037752
22505822
74653422
20596084
59857531
47736606
34123286
33281659
10265129
95458454
29484789
69628250
36775319
66757180
94322190
7144864
85519243
6074028
67536510
66093456
86008612
63695927
88319699
35496672
21668210
98802603
87329520
24886701
6740462
68690379
71915936
26406207
29300939
66356510
70458197
45469196
50079821
87371105
3861771
53960004
71336958
44818145
10975887
78370567
58205754
88545825
24750607
16867975
40104349
43781964
54371005
77746422
29787540
78434220
78474523
78260560
48520254
89616347
30965158
65772580
85597120
94431603
40832385
32315520
46119220
76497940
46396152
92567476
2152872
37628353
49418742
10424837
4885313
91505729
12362488
96567698
89027842
67623807
60027774
75064148
6269208
13455833
99386942
58420635
48247926
36192209
90753608
23830493
9447370
38578196
65131836
17186394
26269973
75849394
21580197
38234924
20223798
21245664
70695176
35759701
44113720
54005517
7834527
3445659
77955677
184611
68286204
45451210
26428171
94860927
76942250
19720176
18708437
99829510
28752428
80832804
36375751
85630912
58444855
4405826
26807093
68688342
27783372
23776399
53237315
62917299
52006419
82310088
11328385
46704931
3170849
90149491
59493927
39973604
28449733
16209820
20309428
97395474
69302054
32549050
81937099
77840204
67062493
71691710
24073261
45430004
22294599
99668805
4375933
10293370
93921721
56460195
1210643
10317609
52359850
3417149
21209517
21435701
23696145
81430920
39140085
58473282
35657619
52277511
25660740
6965106
65924098
99570762
54595432
8070397
27495994
60650346
65387601
51317762
12704672
32171268
73091021
93356824
23191117
10904080
60103421
71238903
45309874
72320278
25205295
20235283
81988711
64595427
54830862
58535830
99929205
39388889
85136763
61302966
18587967
40734542
17588684
36493530
65631771
33154969
30141432
42600589
78002585
84999196
49009871
15374161
59137996
7825248
80540252
3072260
97630527
93729707
78633744
57316891
10702862
59731543
47476611
27431317
11802918
23178621
35090600
98434202
88396821
89314490
18935162
96661608
55027588
88469102
80888825
24630314
65063659
40475675
25819039
56579618
81600036
36608061
11995970
11317540
63359139
69265039
53847610
20639928
94641666
19528515
24638163
88901330
67813930
35419496
77397778
20026457
30547100
72037450
1295308
86756683
81170906
17393164
78518769
40289698
34597518
48575754
79784696
80352721
71127999
65842123
37415803
89288085
82425149
75616282
27972457
44340040
34976788
79157371
21704688
74641158
64714020
10245250
77826866
341823
46543863
94427279
80612512
99397355
20570450
3473146
8845884
24577029
50907988
38363676
16261904
5139024
3858014
38771712
78061581
32371501
142239
81967442
85956761
51709309
30155527
66006884
12912359
16905571
72898857
42424958
77731111
93608008
7981134
86401542
98809050
83897884
22764274
15063870
11078634
61248325
64536530
86229136
47057978
96224153
55502464
28303906
23591682
17719827
1681173
75799099
60568500
31068493
69696179
46752666
79833229
83930752
57596074
15970211
11644852
1312292
7470618
72524283
41922803
27141889
92505193
6328955
85906784
85560671
17137489
73545869
91285316
68287620
27660799
11513882
20471893
67620238
23579663
92840161
77071376
23251811
26090184
45573288
46917995
17745669
75269058
77018035
65935426
89615305
35201565
98811492
33234177
11692686
29887565
87080417
51917783
30117282
26628605
41196753
10956440
75594700
24289975
43549343
16276604
86060979
29584338
70418216
17955807
37143835
21425977
23600657
56006039
82101894
19581667
71612729
86093009
7483857
6859403
1988635
83582865
60242951
91586205
26204182
81990934
31553781
60065035
69221076
98714661
20524436
48766886
38259481
70693679
77029892
84668697
46458571
84472735
69850490
28170092
46372137
55587335
37553504
80263771
32758906
35509267
28016856
85837614
56453374
37018047
1528971
36125692
15357164
85080442
71918124
52490780
30059848
67702035
54118511
86636711
73710484
77613406
69593152
92859625
56598107
74462172
8257937
6814272
60297310
2832291
85575155
9563605
46702773
29354225
52433272
32405705
32966093
66880492
42816237
55038233
6328304
26281404
6729646
43322331
51970144
42500613
86543898
66565297
27307674
528430
58408706
78860403
28985071
72592136
87039250
55461209
44140930
83930676
44903729
26039051
25383023
42464357
39543538
22070836
64038212
51975389
25381280
93605593
24892892
3125927
83209474
62522165
23932692
49442737
80924909
22544113
13206003
56884510
90843581
42035589
41325399
64443067
14942204
34107620
46251181
90312822
80208196
53311137
67124397
52393347
60996935
52831611
75981569
15310395
5274502
6070370
10165764
55814113
75412967
91285867
21044645
30636156
17378871
58113929
70190370
43448298
11668022
29884849
38571163
62069513
52897700
60985917
53016270
24981866
7325725
9386632
44850726
83178089
2674756
964318
84682029
85280780
21756091
27595404
53048133
69058783
5418490
45098394
988828
67383671
1273153
51149647
83425660
88197847
82198671
53018609
89261640
35832155
18510858
27364006
39173561
30832929
96616604
53545366
69268063
98404247
66871627
2118058
89955780
21549263
73566996
92675848
27075234
665416
84155676
85021737
87445428
48612468
3545431
83620294
20558715
114725
20443687
7875447
40874330
49977339
19105070
93754799
48074647
45416003
47693331
24086778
95501536
31683328
58476325
41015408
17656109
94160767
62072507
174679
95050708
1123805
54952780
87663756
89604800
29821894
34297420
10241472
83840912
32690250
34092607
10199467
55367946
93617159
17806817
13174814
22570114
4825312
55952478
46188042
94577839
72590534
97900350
26748080
47145267
35131513
27112500
60665442
93531092
10681951
18071189
46520736
80592858
15202818
9384839
18630984
75201068
21331698
77603960
56154580
36902495
49535314
13466026
14542771
58177111
33612832
49443351
72266230
14059681
22282472
7177443
16351693
28824588
49983927
26358452
83127993
42687934
86555245
8817506
27608239
68931706
42800486
50782114
96308991
68377437
88818150
41294033
18249220
3452762
54041538
43903189
89311602
92705043
58445781
58193991
62657247
83790958
65554902
76455342
20450125
52795670
14630838
40652469
35079504
80302807
87866552
25652984
93639746
94406700
62834498
25120905
56902477
18959846
94163884
75153397
18453682
14869748
8741687
41227629
780321
15710727
43596944
29814670
9204603
42482876
16598905
73371262
81458561
42119540
8820052
24917691
968809
28522435
99492843
16555359
48234308
68069134
83076249
29915246
91299528
94929804
48891193
87603256
12234626
38051638
6234735
72792053
97673026
57308139
78162094
29508936
7095838
44169829
14713376
16215839
49162099
78440494
82759393
58314180
81236159
25455700
44395222
44721299
60659416
24833716
47857515
2017161
96500317
12377899
45398683
38192641
6757655
57304271
53705442
19625438
19370013
41836741
29633697
33862732
27167100
27508802
89093961
8248364
12898251
83658734
23136417
14737937
62883337
64634946
76641781
57176543
99351358
24471245
66955256
42016092
17044689
53475876
28079196
35090132
53858134
61770489
87763447
44031409
87390221
3611386
62982083
47126958
73595721
16822710
80469280
99402145
24948389
89639324
70256892
56121296
63127281
42994258
76845933
89010758
49615107
45028108
13816108
62123252
31277857
83348275
56869512
21157529
81213887
73013380
16465564
17241607
83881935
15030877
82971402
89313156
63847592
69930575
52188644
59467064
54045323
6811819
28170073
2277423
29153134
13100485
53897478
41779240
96270190
93334985
4064465
31077951
66007447
63661856
47552591
21360536
47545819
50746177
49266078
33686279
60016002
44667204
64327400
60935279
51711781
24030190
89998922
36246474
88751713
4110598
55054004
37619191
63469709
65408009
11148246
17734274
55308678
86633147
32507233
8183595
17772556
6201070
58452645
46106041
34532103
27354198
99073553
30216393
66234584
69419242
47406339
58376130
2897479
88895487
57578206
51034665
92920336
44161554
3242055
62866862
59380087
69658174
51127494
51328273
68039126
35668120
42605573
81913161
77337831
64145596
56492413
37106962
47234840
98116237
92652348
19001180
94274613
37763703
21136846
76099855
18244136
10408704
63958038
50943923
74914250
62398511
24443839
88003379
76958375
41342148
60238351
62745421
99720235
48857290
60387267
26914896
36036103
77942034
21394195
26993743
65334841
78031773
31863230
65959503
30264460
75664830
13221292
41422766
50587731
38612672
91749555
69122661
15419632
4222790
49256385
12124152
76315567
96481530
31293619
22924302
51139548
6711114
8092927
98101021
6613934
65747093
97542144
34897594
44568927
35157940
96160777
23078978
58017229
56624850
7273137
50102417
57981106
41725432
22634000
59788829
33856841
11860504
67132624
61797184
43000551
27447085
70072375
55437875
67048211
36564275
542035
10591131
67816233
73906338
25927166
2898542
4301166
89714620
29301159
74636431
80125567
75912186
73471589
91701681
85096578
47222257
30451638
45618083
4028971
14449704
9365164
2407289
63423661
15867945
75679472
10838758
55423020
67322896
24627451
19746540
16949654
49443671
12941491
67715233
12806617
49398254
42014486
74071534
25932158
6918898
87470910
47503930
40271201
17759880
98316055
83507064
19715330
11937811
96983425
89931447
45917308
21974769
61540227
68016248
18215863
7416284
14402268
60447134
97873604
27873669
12112066
72349516
58422731
34815054
78861870
10545824
91014845
18109372
84582232
46433726
64682260
82113260
31012611
72705637
63203895
82260916
61370915
96236222
9911371
85885903
89121227
17615915
72979902
73025844
56687017
63481013
32621923
77333538
29638233
74624984
47287134
95558157
63437615
73966372
44663670
96353503
74948040
79462997
65113172
28481596
18417183
92387429
51674023
90015675
73923637
65408163
22479649
93713532
19476828
33660978
66182097
71947208
88981624
41603910
21300706
4313315
54583846
20997337
12317417
21553677
12034218
41081696
51219047
65611538
24175072
20053127
46183793
97458125
73348474
72735779
20725892
50731360
41192100
35023208
48059779
50575246
67634998
42110160
40132988
62380317
42664021
56032763
6841883
4867716
28704825
76669260
93834721
54480884
38717494
37932625
71757685
20833220
28342052
86251506
1032929
82878541
80837737
48238918
42327438
15726560
6689084
47386967
56342280
30110706
60224820
84090021
4609675
58681428
28985785
3361190
25703673
86636215
53696515
51036137
57726403
25495695
83558085
94445100
73373900
892850
93980003
94262405
93585699
48008525
74988983
92101377
73779507
19056105
48586185
2814187
56626184
10883308
4666297
62158858
8462103
90150509
24789112
5728456
62878166
87993874
3759943
49666201
68794871
90909782
59979772
45357608
13111735
24049971
19715161
1162379
89447927
92151643
99689398
8101202
94457613
66056533
16922319
73048762
5736716
5969370
69283464
41687431
50570412
77018471
28133268
69876587
12993826
23431045
1916200
41870186
27597848
51351207
9080907
9579718
79781388
88847875
15757648
69274630
94838165
28192174
93859282
12975333
6889456
91494330
83486033
47751443
36382356
29987397
14272123
40856940
59077753
38332270
60749807
76112529
57625090
63997413
47317231
25780024
80597746
68012238
70261149
13438337
8866585
71720512
90357097
63194016
522502
80609436
23348179
46152392
22048247
82602175
3624968
57612448
5311218
17491346
64494020
42409623
95639038
83671922
66670232
36789734
50762666
90395911
10133439
15875233
18479589
11200656
84969850
11940942
48612955
71438264
34504334
21539666
20397451
68163450
61129766
64072310
17996942
47772781
69412053
39608460
84594535
57983221
87191090
85639388
20064910
62757564
26672647
42239580
44962245
58823704
81076359
84844810
37548998
66319797
30741126
77088679
89284363
1726881
13342764
42573395
25193940
26236957
10541584
92311725
35012332
3748396
80000675
4615608
51007008
68485033
99647126
51342996
84672187
66822205
93970894
84756811
4006527
7511116
62997425
45591444
11394536
22746425
23876727
88405401
36943608
55631872
81426804
98584105
18485238
18195455
21904397
94588012
64034362
95289883
55760025
19859321
89141070
19080549
44104268
17419843
87026334
37181029
72879548
11305279
64764292
34667906
78113474
23805318
60716705
10703577
42420854
97092326
67249153
68927292
18449318
30429448
36578470
4127407
55107480
26552576
12440887
42452940
87908824
93453433
80855872
48311615
98000008
16528239
69032407
7673999
79153124
59212111
3062672
58804898
30359385
57088749
63174487
28317949
48307480
68616793
4398873
31694187
38956331
11291298
59573183
95300041
33323730
86725375
50565302
99999889
92387170
36031293
36736614
45620658
89584378
16332848
53027369
61606397
94596317
49676386
9206214
20519405
74037796
66210788
38921920
48169554
21330498
44017594
45550345
67263564
11682692
36143191
46041751
5979926
89528903
95551845
27641895
81778852
89761191
53704772
67894896
53632141
53654190
79071457
82261269
99446709
78612355
25106690
50732700
61640347
51913984
32393185
76570406
58922543
57377412
21420024
23233435
66501229
5289075
58050254
49132879
71391781
92601792
60054974
3656742
16411163
84193980
75262784
53557876
51049171
11691663
93480506
23614902
10481520
65357596
616767
92971167
51299627
60066665
97431466
18194019
68795774
90817287
38191595
18068448
17987922
73327432
89875681
28244147
86379323
95095961
63461212
49760816
88474889
68527200
7829269
17835275
20821059
58858003
13396443
37727497
73905120
23475480
75771631
15236461
55330814
97528828
85508729
64036445
40098316
58538832
77169060
42267989
68329687
22396239
54433529
65787581
65094578
1710364
7007662
38193398
98519304
50771294
28495017
50652254
12301364
44890715
95631256
99287943
53697437
201907
66574787
59044343
66439820
71955260
98472358
34000015
82191169
93291650
43229929
50083580
40090381
39364066
38555456
3065458
90409999
44715007
59348161
24117531
23201074
52996908
7534932
80363065
78375545
40271573
21865006
50884887
91237249
98665996
21954353
72024293
72815254
56901055
10891405
79718090
2620029
13138181
54280932
97851419
28790417
99638631
14804546
68398453
32272116
52216732
66634986
69405006
16519348
26978725
79012420
33626629
63850713
39292703
42700860
20475808
30755279
29028309
165295
97773014
78145218
21612192
64364003
99963696
28214929
63836839
61731567
6714280
69151819
76121124
8330496
3890661
42215442
87420229
47307849
10559812
50719141
81196498
1117988
7986353
94716400
51760574
4545341
66130603
54818243
71484966
44582451
24517548
71522449
88895458
70718974
53683523
28051104
15176624
60318045
65197056
5749503
51606129
25283004
79562618
32701752
66601590
78709432
60433660
14797387
14517577
35211071
32846302
58555596
62600289
22480858
24010073
7282218
80304534
47895995
74680539
65348373
66236987
51837296
88731291
55670441
15565905
408374
26465999
75977650
31757895
41494687
21531790
56573306
97622660
10005667
14745698
38484726
37006662
37126831
94845744
23062367
84251559
9314897
19167801
61558454
20020089
25337747
52432606
54318673
47822473
68333847
7108465
51782452
73416136
6703004
66497755
26255388
67949285
57572690
74967460
8901065
86012385
44268235
12872548
97829462
43352824
7065769
84087600
29348740
74028818
64479678
34298307
67192364
60519762
96114444
6375597
59612965
54160379
2555143
85124054
97531881
75680135
56006158
27878461
1327540
49459512
4599709
81806397
2226696
18235863
76141114
20624084
83591067
29955508
1510883
27088718
45570513
80741386
95735571
63512190
83490282
53763204
36431055
41199822
11973101
81544554
97482356
59399835
26986419
47271803
16412790
97928153
58600578
10971058
12278786
28992556
78433044
98024770
67221522
50200114
13584249
17536780
94726390
30342351
20159895
47085207
12255614
98328735
40675828
19680933
97304508
80177015
59595939
2785238
1074740
60644384
21295929
46191643
58227263
21117743
47277095
72070568
83720580
48582655
43077116
82882067
39992039
80091078
49169301
32963804
73969791
16451315
79693295
18203135
90454714
38289568
44530226
79055242
25866113
51822543
31119482
36315073
48405153
25196730
53354762
82137927
61041244
26622313
23048947
2957304
95405155
68012088
16227875
59135284
13933759
74850390
15859056
63265789
5994384
2702963
1969720
82944240
11362015
18917604
97687537
75472999
47111523
83839790
82693338
2803031
28324915
84092045
92347943
23791218
77767832
40529746
65486934
81333614
63176725
24044369
93689905
21583149
75713924
17240964
30472772
12873011
65608329
81758908
61414215
29886991
22920136
63185017
6121027
18636598
66987168
56010821
93589112
54471954
75736188
83178036
30190372
84989253
71764272
83726284
32787721
27638130
41808473
49024749
21216683
67991807
80931736
82973813
16402581
76586722
95353738
19134361
17026718
66041233
14464705
62870470
57507763
55330028
18229473
17384864
99742015
25327289
77800054
66012955
47175567
3822020
11987935
94629794
61459383
73353715
1787159
82975261
26006989
87582145
62614236
48767856
24479258
73683549
62341038
44308703
30915765
9715691
25782648
87625811
10379406
45510055
8473626
35768575
58101853
96449052
35506081
72179884
28569063
3672695
65416433
96121804
46833853
37779258
35166117
67257765
69435649
20221837
47452437
755770
45826874
68193205
16721093
23360259
94863689
21809792
15954027
14627538
94795039
89461185
53633731
96415467
32212731
51190969
56833577
97887034
56020992
95281204
59740664
90219262
84167241
64421450
9648287
50457006
3427739
80938778
95823317
49547111
14579391
36005841
18365784
3306508
29802861
73821914
41527447
50954853
42407910
31694810
62354772
48904179
83915505
20720855
31346618
30241496
32384276
75989175
44467598
71563671
78470083
65445790
6520067
51531369
38206605
70874382
44836878
82153848
50475712
27715291
50832725
63974398
50044332
31863838
64416300
27027709
89398206
18557254
16823098
47242412
37681416
67212599
40247308
63472172
39806327
7041249
8311105
47630764
96630470
58073486
51941440
65820429
62086815
17757294
3003460
60612054
46473389
58656941
45949309
97265508
66151150
1006711
66419079
48894305
4495955
89385733
56159717
59590010
55290606
37131719
75997677
19399900
55244574
6943370
73609013
22849746
72434360
8221268
22506314
69093916
13137836
79221819
18843969
40910801
42707515
17803192
77795357
19534344
15689450
34872632
96157575
46485445
68177234
85371379
98151151
89591395
34832787
16809715
34765345
66498104
23435815
59757707
31358132
305509
72486181
28660088
64770832
14040182
67069911
27373339
66779357
43989363
53632246
55569369
84126439
84166177
87465088
34217269
93796994
428590
50309731
49214512
17719268
68700103
16899422
47133991
50006323
57607433
45604595
49477871
2091615
67201274
45073055
92941755
72463668
38722411
22214184
49199134
57600694
56234370
98442694
81956945
18797674
27903610
5479100
70516435
19347477
84515598
26145045
89298800
10496803
79655248
57058801
67755744
1679266
67853541
38355967
42698833
98425161
19016302
99606721
7125811
20247563
92942444
38298953
44457669
84476871
85076255
83024110
18073961
69221968
6873343
29859915
73974582
5921205
98247766
76997086
24841901
57071664
29485838
12133981
1004705
33578349
66106944
93814786
45805326
87143060
47257882
99724731
38774331
46935840
69398902
59831229
31311344
32811697
27249714
37616418
87528368
56674760
22240043
57223797
41931032
39936097
33382343
12015846
4065170
69870437
8579240
53353469
56417986
72571986
15483366
46394845
18879788
45513348
5269855
64731918
53523095
52230470
41376452
98167698
76655052
10343678
28365674
36015584
46267076
86820568
61395931
94042185
17658799
91240479
75120254
64341114
87003272
32551778
27581785
62569705
6842685
11860219
40227187
60112817
45692965
28015968
12934245
64632623
27901709
48618727
9071855
22289699
74025310
35711016
3601336
887972
6827623
35326711
46843314
10150067
99675307
43032064
24773568
77186407
76372414
38603204
15718606
75419432
2682893
80929550
6746084
3972552
92904237
29641128
49907829
28754922
8431227
6528091
31372422
14169530
95395826
62518644
92408963
80032452
67823939
96707808
88666696
81717471
59901349
80732623
45080645
5641181
33752062
24526623
39371524
92885909
27622566
35226937
92562278
2481913
18823714
82505723
51113776
25241230
62462998
5346166
25978116
98008686
32934189
49437519
27490547
62151676
1533264
33819087
44838793
83116734
87348190
96422194
19302083
36293758
84919819
20930105
60170841
94944983
73140817
66809553
64915504
48718549
97335678
28958386
1033308
45011684
85511849
71623470
23090270
46264772
82237417
98400859
15480636
34994978
97465284
25405679
48548486
20089715
13715894
81858522
65997919
56565673
24934663
7463947
59274902
43984620
69713801
75506841
6670505
87913209
73247256
98023092
1641724
37511893
23653622
45834803
93499142
48852073
47593905
69919239
42047618
39218871
86821774
48953554
49995920
73165755
13085130
18664993
17769950
37374647
8145231
24579680
47184253
68231069
74742169
3475550
93552710
95855982
16176686
54525936
1842632
58562940
26027355
15388928
90345888
11346531
83069922
18657271
55236906
82885985
28340679
19879578
19629047
88900783
13557590
94873228
86914854
9395017
93920084
14924521
78206972
68066037
39581728
43397828
97366540
9837972
65708499
72895395
68611778
34835148
28666971
53895185
85999809
59104030
36352843
19979695
87029372
75466429
43736900
59278592
8997485
90941271
66834756
11853482
66140800
32589562
39499562
48209439
52074318
12287476
72281158
68841449
34399328
67837472
8580364
21019092
69007714
83637718
7415799
24900060
47946641
22422993
56578410
8388259
64483893
87266619
49341719
53697881
23892362
31846875
13003944
40343116
28633964
54740380
48599349
34942389
15335501
26590069
50739327
85498908
21855779
40942322
57284828
12836550
6454757
97054940
89965682
1552424
2075111
57572482
21791734
35302034
23279800
72657049
56071346
90768955
15252333
52465119
19181539
87600008
5390005
92371200
21994442
12105218
47373360
97680930
98913353
60506386
10760471
83045687
10140461
4041266
81709456
74593594
13931293
13259180
19057549
87370740
14101811
49374849
24395464
86900270
17940742
13500466
78226315
71050396
37562038
68330642
83650503
14053473
40545974
26002994
35537267
35979655
79900117
83982967
98909378
92708507
50625773
65582615
10014664
63781927
57705939
35209064
73570044
20757671
89443261
24672332
60857308
80241825
36256918
50642637
87356612
80614498
28716826
22506457
26345276
93135200
94172568
1700007
90633407
9540801
75155630
91322174
83072246
3186518
51812815
23473555
33284144
58145435
28485478
93993461
69810658
72466440
85793496
87561553
16266538
26896468
56391843
64061303
81196417
42688239
83388046
94618102
72476909
7323790
15388243
71254718
24296501
75054046
78202340
30287820
20340216
15199276
67327078
94942308
61554444
50828754
26533510
81792557
97990535
76877725
84720858
33207521
11202176
99674296
66598581
74610766
76488841
34221618
53254489
79833260
48857477
10076762
8124155
22246063
50834492
27201859
13444562
22308847
13108140
32426497
84600177
56942318
48881289
30536569
71818296
20694682
1955365
38279917
72634152
46410454
15505204
30593937
41982187
43646248
58847962
53562358
11598013
59153085
6706514
32698255
21512637
44039317
43450596
48417277
8602909
16067272
18101004
37638641
42817953
88427020
22915474
69245275
77375722
85756993
25114605
19054293
64156487
1364070
50507661
64007461
67005793
135479
63272154
72205467
13200433
90621192
19801402
570345
49296625
18989926
53347000
3775008
15909144
8510879
70126337
14775902
91068666
18191553
90702704
28150484
57734377
96790680
25761649
46945916
95973034
42389650
50382396
97975812
3145568
58298714
51562340
75118068
67813849
96460736
49422343
31515226
60741613
52470668
1255092
89971222
8517460
46967022
49798236
41770414
90461301
98142048
34469621
70946840
26375992
24497434
81545187
76386214
48838370
47482026
73303534
74367961
52462364
26097499
34519723
14935243
92674815
11986997
18362856
66972025
63105361
42277490
17752913
86711258
61677126
98156558
38594796
93484258
99124311
85156881
33129544
9252565
40470927
8710337
14650338
84630333
73251515
51066883
35088105
29317280
35893202
87824010
6687967
55132119
45032853
36018502
99843879
17699282
13422291
15736260
67950974
38930117
85524621
47206970
40245341
12434757
29466565
22916298
94443235
97301082
46634843
58537091
29676392
83774434
94019193
94217258
11904927
91679068
88982902
63654166
93585412
69121276
97690853
9489782
39236048
6401184
46089957
71381410
89340397
22062095
26323970
28407830
23234803
72116043
43635734
20157241
33869341
40457189
42928988
97263545
63822426
81690890
59932694
8978487
57292167
44946185
6391639
37559300
48645036
11505878
70664159
24287953
6272598
10402842
75007877
92132640
56676256
44751673
59722900
59535068
45606515
36071219
56534035
35513634
49459927
95964912
75099460
95774470
87503964
20732971
57140469
68706522
16697525
92974304
52871297
41328417
44944021
54442173
39807529
36572829
51292303
71635923
14106520
83428674
8503240
87360477
60206877
28324676
90164189
82525352
61125204
56268546
3549061
69905358
44823889
99773647
58853893
47041291
94300630
42609205
77785071
46244654
29874201
46121842
54657337
3562375
97400984
84676916
5956105
81083473
79339634
48045134
21541140
74083930
98700857
86192692
48834462
53824597
46669739
35586021
48782219
80612636
153061
26371914
24083442
31117924
11616323
32215203
40903253
60137692
44045310
6125812
77104915
68049014
51328937
71084681
23288379
81717303
76787901
60948318
97931831
36901108
952103
55262238
91175822
23784067
35892422
65104688
15322166
2329445
57557895
59431646
72733499
67362527
54571531
57163892
51527309
32294677
3142640
64431441
80925934
65711576
94807068
47564111
95780059
90996508
27645344
20605088
2729919
83512473
59867022
48601078
54778258
74204076
38767211
64993471
89785711
849000
5428611
2595626
55285769
5731479
36890456
29773810
75338327
64908706
4690683
49746029
10570153
99752547
28345145
3725623
26959382
72850784
48944760
46868486
88898653
44889861
99399218
35225953
71660067
98667603
49041093
38424629
62434622
99101781
96865991
84243327
92162250
31391655
62527451
65953993
85536945
78029315
36412780
73516812
18283682
81723792
34087692
42937078
56176258
3371810
96645352
36061838
11200513
55005678
57092802
87430332
65549089
26550465
46863346
4199234
37475299
15715027
19533335
82615232
57648850
75173086
28590612
20716472
10711487
54387730
10710416
25235260
27346345
1256846
70960526
59828653
42010202
68461901
5683571
87046099
53500041
27860849
93529141
37949416
84284159
9788648
17330946
5205933
4673232
26075060
49151497
84234167
85014556
91439467
4267888
42036502
97205611
21205248
64933685
28876075
88885016
65928610
13091015
50471441
30362945
15697510
43322263
58050772
88658079
24462051
67995465
96091279
27490682
58033601
132508
46625897
19693188
59291013
23628978
20480144
31234183
16079806
29223924
43736278
65117044
36243912
12531002
32103055
39110630
70710105
18977665
21063834
41132728
40542027
24389700
59230851
77598943
79844299
64028077
49285582
5206032
52863044
85819176
56127080
85291230
69944905
21069738
73492946
84841211
35512740
94649778
87678524
33455869
20815576
81081299
9714427
93509170
23733367
44056950
24748937
76612065
30534033
32548423
21973986
24617807
29981380
29495098
23761749
45075217
25883364
70946445
43098852
98221386
4811136
26720311
82976219
70770410
82831481
64108011
90455342
91189469
92345413
93573366
82106390
8670811
18478097
97140583
22909436
1691714
40996111
44556702
5162333
90241165
7419838
21064707
52589428
77275130
63709175
25428865
29639291
51282967
48007925
31241565
59221587
58368970
1182969
98927812
31412529
70596516
41739736
49992941
18034485
26717918
56758844
33306675
4477153
79623596
68983294
84138007
94110903
53122781
81203002
81364622
71962000
14280986
71488346
40224459
99923414
28502429
74294820
40887337
93878075
50555466
69541853
60209793
39308045
20292100
27751164
89163712
68487667
66482777
45702723
99533707
84300234
28146253
25152977
18910400
96487809
88609440
60059036
17421675
54574925
43098999
49918297
85841877
80524768
27571879
11405947
49990838
38875264
29190252
84501139
2701610
80879290
39727960
50037037
12612866
68257964
61189141
16614565
42517937
56813574
48174739
34799138
55494012
62066141
44117525
93926332
21116723
61854237
9107281
96772054
72947547
36973133
42834516
56737653
53122808
17716021
47859620
53943160
32715637
72943475
76126214
98856929
61914948
84049412
3708221
54277085
85248510
75405462
15204924
63294003
8569047
96614959
76192186
46934501
36257838
33623668
67339945
60577681
23190912
19130371
30306952
49736877
68572194
42017542
35501963
79160220
44006429
4949023
78360958
56581329
36271247
86345149
90943257
51541918
99946609
49922449
8822023
17067189
17809550
47973206
32685478
79696034
40356986
87831588
32710704
81842388
22878282
55414418
59149307
50013422
88912773
48856699
87459395
51178442
87608780
86231092
28844400
33833763
75873481
41034374
41419187
8325570
24364170
92320318
88163708
79065738
22187905
75501965
85931155
6388394
69339762
18520458
14656561
7166686
57378988
75135892
76948601
72382030
48336714
60760969
12098941
66415612
14776456
3678793
30554696
18974492
7609862
46997543
87320100
61788606
69186261
64811787
28843553
26542530
16159792
71810331
98388292
37743297
38949799
22636467
83214987
33380383
23681783
74733704
87891084
48824363
66650384
33261042
97493644
6751020
59163115
54140852
49544763
21975109
60904937
26281672
12831403
23743451
9242768
87469469
13504955
20773383
34979170
39589545
73294936
24673969
43329856
90043974
3759356
59153583
6782570
83085400
35144947
84106887
63818031
14358702
64137610
72301420
38360618
34703535
67510135
57612684
22230468
17748140
1269248
68207969
15988128
59142506
23804659
14780877
43479982
75901582
55546390
97413640
45826766
87808739
99505649
69962728
57621586
46994598
54332638
17006667
68486927
98536942
14761559
14416131
27653603
59313315
63374433
24076532
82032368
78012185
89873152
64737887
32108483
46820751
10296159
7121904
89237329
3023926
24316103
29169696
763835
17973807
11921372
90591269
99847534
2850395
91181278
96891189
5112083
36218693
59501144
75276153
91782224
46261609
48008741
42304211
2449479
80089545
10852326
94733095
26383095
91696318
13324579
71761759
34300553
27297856
46827963
54466227
6216405
98669096
11050099
7145009
26873776
50498278
26818563
23150314
25644468
77527734
7765052
53618496
74032699
49902543
45130125
64566549
93095694
17656297
95145955
7831063
20918377
89652834
89323993
57903712
21115544
51332944
63695588
73495598
33806752
58734742
28131875
96633035
44959522
42978933
33639084
49689339
8179663
79972866
89362984
31969730
7465216
11711460
42908360
69748563
22831909
54581578
55807313
20673418
21048599
47475707
37132683
37342691
61193197
96454426
73452610
15618130
81891672
43608467
43554271
59936873
79620111
41877770
46197255
89197357
45121726
56857832
21737783
99169501
52157732
92567058
69161414
5888265
80585490
93839722
25206029
36835093
34841971
96078309
95859937
9874260
48965444
31386329
99113385
5423991
20201446
58021925
69638225
23835488
82478897
55493300
99291259
53592484
59955580
77622922
54042708
74918763
63679494
78677505
28146099
60825504
9523823
63336007
40045389
702895
60362483
55818497
19179917
24459670
40624355
65764274
65332060
71474943
99848665
83966230
79187828
84580020
96385822
76021728
26782425
65913388
28762565
32610275
13471664
98860593
1856278
63076119
51237894
9304712
2234700
28260614
65448845
71637802
56708097
50853800
93079732
55668733
7369156
43895087
45938326
19775554
16034445
9224640
54963893
47551254
39764199
46517304
47940512
45026753
38613749
76122900
60906451
15387386
33118384
19752074
33212015
45996354
21016512
14173772
13255683
95526531
52766395
30731103
11465125
95759650
8376401
75705123
59431172
25103276
84769019
47534711
28825740
38723318
39454667
42532
95019339
71545415
61008817
97829935
29407260
61695987
81139085
96304837
11103931
90004269
59496811
5843420
25851263
64139882
29298387
60889127
65731073
6763340
19847863
93526435
69888779
3613739
2012071
49644463
91892935
7826209
38022367
73773129
74604254
85115707
47104581
17295121
52092605
40364728
47794424
16407683
87941370
72475368
54021435
55649221
58675019
86947638
58987265
45790555
89672770
7995697
15053564
42862580
88105068
28794319
21842286
19325521
22478895
74583440
51404194
58060296
27127604
95722555
10050317
22271176
76875797
26614166
61861065
78894322
80936174
31123600
22953754
24596391
90714519
15376055
8439468
93344052
49668919
70975643
8415423
26564077
33505537
92913492
26251215
46708624
30036387
98105449
29423307
75057894
5651090
89728508
77596134
28123214
4830021
58383446
56891426
62450755
7933714
34377998
24714601
69824838
21573031
46920643
85906051
80673512
66565402
30744208
7626250
69493607
84817044
6842145
93081113
94694046
96590698
26697785
10347512
72688813
80631484
82780422
53156449
76137085
52933136
7561816
27270607
86622160
78559082
96806325
40901607
86685060
36469648
4585946
70547228
97061890
96632503
68189753
42884840
82511658
65270618
78770101
25399454
67559776
95866654
13717495
96061354
92267912
51012389
15229363
81138391
197014
75192262
26533654
45038994
46033765
79848856
13559311
31499832
76885292
26226060
53811255
22017565
14883847
11912833
26642893
4664884
68715746
73366804
77213556
49694887
81327611
92957141
71528465
91406738
57135049
3621610
42790676
22646028
77448327
86409286
88829265
89420864
48099486
519989
46808242
51116342
57212786
56419938
7471974
15247800
97454294
24579453
93242223
78956839
46458429
2428716
1007537
12374612
20740278
71546928
31282510
29887019
64061659
17293517
77650652
10571122
87210005
47586528
567646
10001020
14721108
47350907
91663790
63483659
82279532
15649503
75807511
98621556
37433895
14565795
73319219
14337457
57803356
92071909
10099721
11042050
38571052
14707014
29968119
2116812
40799500
34963982
69124353
13122495
11707729
17671421
61134864
13707205
16932102
20531278
556857
75009239
92001005
53789404
32408733
53568817
12403191
71503269
87074771
51814687
4292246
3128356
57480098
16610735
46107733
98648805
33902376
13177429
43444481
85257763
40054177
24729484
9274969
22782622
21657559
94252880
54882853
13850302
1950026
9163978
22268527
94767192
73721205
66857044
57103387
86998325
86526595
8892785
79888223
69471739
30758177
94554404
86602150
50936620
86778847
21325226
65725017
22569755
44569219
6718855
29761747
35923996
84654254
20283501
78422415
31470347
34796647
24787806
46203468
36059227
96014625
12970496
88685327
86191443
48094434
96456512
2929232
47379424
98702634
70310210
40114692
42513097
30101510
94359563
32417775
38781706
72595338
42016145
82349329
95383657
70892931
99792924
21767686
20766623
93459365
20900437
78893124
80334161
5730684
39958047
44136824
91148361
74711742
59876615
80742160
99500971
29808579
88629992
64611086
30177238
55815997
35919263
32981608
99457924
50213819
76274883
57777646
83019582
95364112
73964587
27645967
60066735
58030634
47115152
72495590
3122882
52484658
41881476
9747285
1142260
21194877
75087427
74629220
22816401
95546014
49813940
52327398
16923863
78757863
56729050
90210700
12837808
96821734
41369824
99808952
95596608
66012763
87449825
93302673
38659489
86533382
68633511
54134761
7470137
85873389
58241041
18648246
82101936
45058086
52433643
45943891
74039314
8069074
34569176
16391981
64590231
82657798
80493721
28171527
49616338
84270270
14143303
81674175
70686421
17926515
65675727
14396649
82002065
50600956
83769501
23375162
26613016
44972131
20031635
70860470
84402874
60116543
94370035
71932294
79065257
10716530
4551384
94235537
59028449
83121304
24124354
37809532
33533500
22027187
94810604
12028019
56813732
23982402
92920802
20468073
49293954
19261514
37560556
97188914
81292039
6633966
74117648
25950739
84599774
26379953
30799091
15702230
1705529
34653165
84119847
28463278
86043636
84354366
37158970
92123095
27231432
44137833
88294544
19440652
2195716
38613510
34843268
7021826
34913887
18948087
39408494
15345606
88131569
64525594
76450043
24113037
10057194
9146470
89618171
2277140
36878186
37248561
57621934
39800945
71652168
49694266
94768779
1584217
3983072
16030995
70229849
76126274
58000031
89038209
34041279
81424442
95485462
65004155
25872581
5388719
55273188
76812894
94911698
51098640
74133782
67099662
33095037
42796723
90705397
51059843
41330037
21595092
66282434
37487869
27064622
8525156
13541441
97135748
58165607
23450975
71519234
83868305
70570257
60832587
14472318
82759856
78115477
9140042
53620430
68358295
33212294
99333143
17076464
74902417
24958839
40328584
12332385
14155016
46210652
90324262
62992720
82364659
31299289
24683831
8834833
34118039
39235584
63488951
58388211
55067734
13610181
90607454
17593259
15667142
1929485
89753923
84923996
47093610
51701549
52129188
92898236
11933779
60537717
71711722
3956869
87074324
26805946
74801149
30667208
90088583
50553452
60841052
76198106
49809143
59371342
50002583
68228214
7852344
12627287
63824015
65980092
51844939
33163834
47312008
78686240
40068407
34991428
24508532
14795132
33707137
89428824
14099796
42483092
76811194
31007962
68729013
56593630
27189080
22100146
11374388
40757986
29789726
89155830
61603456
76381803
95375422
52708911
40573220
82672181
16966286
47994017
78000475
22897209
15268394
65127244
80594284
96847872
77851213
32108695
19816132
85628852
48887646
70585131
61020565
27710147
16993414
97621784
57637342
37493883
5386603
49908444
87341746
22608840
6579220
1557465
52692874
64733407
96882525
70913815
93958814
46726781
74638940
89863058
47593224
68679191
65105109
77443768
34493508
9412625
7114761
33117210
7086381
51972003
21523452
34088292
41052549
65853067
75195870
40681689
28285426
69128781
71052334
2724928
11909914
94612169
78156308
35602991
58836585
55653847
3255478
15921508
51194368
2511551
53538272
83584110
87235777
26647842
8039817
29617947
89595564
60155648
70498446
26489436
30163983
54265039
647131
31859457
37797428
77613417
41361001
66799111
32272849
14906611
61041448
34035292
582095
72073841
85503887
27280506
35206681
45670962
32434408
87335253
60727505
5505292
20576467
82930563
63122928
6232624
63961079
52145454
84150787
74830388
71964674
68993124
51163215
1962316
26706708
52191896
87436330
98211617
89376841
9924258
62452575
20881802
20921544
12893091
84774990
68308807
6694453
36870904
51217145
62367285
76944896
33695538
84845112
93960826
31494943
90933783
32581452
16226052
36749706
24828491
58949648
9090675
8154918
17574663
26884526
79509460
85026086
86897588
62259765
87029735
58157703
21030429
22749100
7506714
7321109
65462117
69051817
74537263
42251352
34830894
14236082
72245731
19896459
49571236
97506051
1616483
27240342
92006139
85266050
88769357
66451188
34704934
94059704
6015433
51945828
39812968
58895993
11554883
61878810
41708698
12512429
6190248
24957873
38607576
27376273
13046768
67607301
50163391
14770742
76640967
84763825
70180290
78203700
39580445
37458294
20244476
15297123
57127940
43992292
53261948
37737208
21950055
87699849
53191931
4799522
77512307
1102126
6919581
48292889
30021329
78158581
61158179
32005489
56461806
72019848
97295352
40810321
37412062
34595410
65174863
17475253
30993082
65416501
85263339
88485348
50205304
59523504
27851212
23676108
17493865
20116568
76295984
62051337
34635448
7107313
6509866
51633003
18682404
58583483
19799063
34486548
6836417
9224042
47804613
11714474
15173335
63425794
99793993
78797688
41359605
87172147
14129220
10447686
51302118
93171028
82054827
75262479
52088155
236539
19285762
44630674
97736550
62283993
22845084
56098493
46349205
55357098
13369222
6115336
75309299
88667695
47408837
76653807
2957552
25857610
67017633
83622608
56079159
66893578
90889009
68591513
18675063
971338
43872421
22944893
11422320
97632517
46858625
57892710
7810413
92316428
21568445
1877985
2134284
9522313
93232235
56201022
39762443
42649624
20057896
40349290
53622012
29313954
34588610
70251545
22203488
35954257
87533935
63229092
85167794
87391781
91698926
65619114
94424042
43646491
48364952
67518227
22324083
69667174
69936090
77263930
10659422
35276462
18573489
24221150
20784626
80166676
49123696
23028073
63036313
31368588
70501571
4773009
5990112
20459141
24998629
97440710
19878927
75955305
70867473
10106819
9123030
53894712
17823166
54016148
57401339
61290146
64162694
84836955
69704777
36193978
52476760
55296275
72363903
48485994
68059882
55056721
69429409
26189360
14459867
60609788
26491656
84169952
31521179
38602460
20468841
63960260
23015502
4169855
31325474
21197739
76850954
34946681
26638873
92066526
51701356
35052469
10018302
89018624
85686348
36125928
30568046
57600216
72615737
49174605
1730747
89735492
22730227
58724034
50649030
41771790
19536768
65023553
37099150
92237569
17597666
21323761
30680161
21306692
9773896
7584788
20998673
74157890
37635838
35767822
39608206
18802589
54828555
91935478
26171720
17028471
93916242
68845714
63771305
91770373
57751632
84874274
25163857
26731207
35716219
33497609
6807698
78915377
14598754
82330402
76717156
70174899
39669621
62100845
43986168
36804131
36330494
14807566
33722816
57586399
26956638
20780415
86350926
96365180
97868419
71625110
45062034
54397797
42894575
57495738
45546160
44425072
61705420
21549218
87903100
56998911
44265353
75527064
44159949
10868068
48216434
38431385
72469853
58105200
78762534
98038810
23091179
71077064
51107434
14589961
6807298
36523170
76142615
42865809
44536945
38011366
38964366
91406383
70815348
81110126
43835065
13093317
42191226
62985372
85259954
75077597
41223009
78697058
43203985
21545871
9037998
2596816
63382213
96606599
90030553
46754335
67257350
45287404
39130388
80968663
50667506
99715971
80172420
98653418
32285232
57888578
82114181
68504697
59498809
22452076
58856440
49902987
3286968
7210275
3250125
45022572
40911877
99193651
37321682
56091393
28052559
20636356
26204687
20302511
89376289
11683423
66858271
12795455
20606109
4905450
60991710
12900185
84417167
27250069
53888937
5711896
85399821
88508593
36726423
16198450
59603702
79580532
53586954
7694742
41321620
42215722
86892967
65126871
65222571
21259301
83042368
11798292
78549572
42777507
63676426
55522337
79575657
50111568
14383441
24005022
66295177
71358906
38553066
48646964
90950365
2900509
46900738
72085979
58735520
70251446
94878515
93907272
23539842
72383181
95889380
17459710
64077367
80632206
16086357
34678667
76844683
22243381
24189665
82812970
91774498
35994746
11684101
1125186
45663952
13479553
35668614
63871434
33386050
35966457
99174211
69905137
79966526
55655013
25138323
78462941
40734222
23805603
13875097
77947073
91085770
5742957
91181005
48928180
69768427
3882206
58865296
34688448
38018301
76505495
40549034
45768409
92401983
37164605
71366068
18869491
14246596
18243289
15403330
74280962
21185164
3283235
991189
49751222
997942
72518945
72973164
74306122
90498566
15818569
82989703
86289390
62001288
27098137
82832565
15797882
33254560
2277341
50266893
88241251
55192110
76464253
47507354
43658581
80385923
17235960
43650066
13513688
10272387
40274818
15070157
75698375
71965811
97169200
35691404
2133663
58564873
47353757
38873977
49073241
71280538
33886180
65396516
15269074
63765450
83796003
9010150
63918363
99041408
67750203
40362219
10010015
38871154
60899327
63256041
60543131
69851213
79817051
19613755
26650280
12528517
28382338
96980305
22829303
17200780
5154829
31957458
52486100
24813983
57902119
88289380
96458992
4787754
80524548
74338007
26489466
76084084
47197693
19033816
76075149
12970701
25276565
10449153
6410749
24507761
50139874
20346970
75631395
19040295
65684316
88163814
36548909
53428552
41771719
68058017
92035171
21679871
83998175
8726279
74953274
541607
16828846
68242236
3825200
56349248
40457981
62710805
81343886
36406411
23491892
8539185
4450716
33109273
39622941
10162872
41894688
85948104
96325765
71774861
89765213
29029582
43179707
51452297
58300468
79304095
83678741
88603613
99904025
728129
70996146
74773768
42388883
97253941
30315560
48066847
93602448
11374139
29230799
31416045
90260456
50698130
21543731
87974411
12068038
37098648
14801981
91947186
2240804
41324709
44554025
10626881
84746525
38333944
48378882
50835957
88207537
25408406
56892208
7625753
16260140
37237780
5080520
92430122
39028710
45842316
89471275
18348156
25304802
76545860
1273015
32461694
6670927
77738069
4497584
76949445
69576236
44581436
13125900
74197586
65423324
45710328
2457584
87470952
94425244
14915342
3287829
60991728
35414739
27252166
40906999
55212669
82517964
78013329
34962933
11019187
25578441
53106161
24744950
17648486
99812995
65165346
61659182
18762940
56154776
28587640
37990161
99598319
48254269
56860114
3534575
65981060
33481770
47054743
24453857
40576784
67553368
18093025
32529606
62258779
47804531
79085689
1840353
25622453
30800570
5659130
49718389
93301271
12479744
62237258
4480219
59738883
97422603
458361
72552076
91643516
29037794
78803922
4494076
56309125
7131431
84668473
41209891
9659732
43249782
37208689
53797027
72342446
96172498
1731549
94830218
18631854
57774938
55284544
93304282
35108017
50164851
15969024
44466186
5610870
34831554
95660469
17815162
77635347
73003050
621766
78446051
25627682
78269604
77154727
55785125
20949455
56593665
40553823
41200492
47262841
26944545
79012515
41011934
34701249
67907850
51482747
37728423
14502285
56281230
30893313
42019339
74167158
49613324
90982427
49998195
51863816
56623317
44441439
37854812
89253191
83397652
82877266
98621679
63172010
9100204
85712794
50448678
84578394
13936283
15023138
14747779
57614199
40290713
93151890
45302260
76712494
10955411
5905004
81109993
95801217
66116409
60672253
84807116
76775472
51392632
6894532
62617542
79661163
34169237
16188437
41665580
8866309
54212008
55698076
13454502
90220387
20614311
82297287
16537781
94193172
33645223
44688991
2682178
12799790
16551447
66649241
30556211
91014762
38880901
72723951
61158526
63088751
59310336
13951235
18170081
88142142
67411974
17488345
22154980
52721455
52138837
72112326
17311377
28651496
7938546
54796927
26710761
7533902
38924313
4745003
86783879
69999724
31560742
32723142
35567836
22260855
21287931
29094828
1465764
26440193
7084717
4029024
48752106
11710038
96413350
58197316
58758906
41642075
83725817
2004435
28462790
65955140
21898823
44926138
19856531
4480673
15771689
20208703
40152199
80959375
31352277
61989522
15558834
1887928
20063949
95631917
76651005
68732478
37863529
8419602
72386179
47088234
66072276
49946189
1011488
84792401
31641696
29582676
28554374
46894358
67266802
18734321
64142733
3971162
83719049
57038326
25564580
22905857
93568666
59461454
45161004
13432774
94211034
30132316
90032126
87544125
49372798
43214594
1712090
76655641
48881640
17787373
52428
98270963
34928989
47653663
3470027
65158087
2313195
63484046
39687022
23042881
4247870
17402991
62542659
52631853
21469150
55482822
77154991
51955554
36405108
67661468
85014378
22216721
18772458
60799352
45155815
82888199
58732091
42948732
48189119
60697968
38208662
60825260
48303987
48684379
42340286
10978943
40229441
74780762
639503
95897874
71686614
61788315
23469375
709268
13942468
10028719
80478753
43817779
15544071
65271294
59386572
88026556
85616410
87157167
32033011
21333610
17386137
55263531
4996291
88586549
47376492
13699045
81256662
91324608
91322376
13298300
81730743
66084733
27963495
1320185
60550628
34982558
85463023
21442096
91851401
68951295
29299063
85445677
95351283
85635625
24059771
11692648
28052575
97131009
62368815
63685490
61904622
64031192
89610847
38420458
87475528
84180700
25957976
56800221
87499560
52269875
75569724
19654422
70587702
15058045
35092021
8635996
11596181
75028088
88780264
92971553
52713797
13385625
18352643
81310494
56474589
63789252
88751523
66539333
85793335
51006342
71779530
68526925
59182597
70629918
46389073
4104805
56948037
14849593
81177848
64013220
40812575
48819691
77751245
98119595
8083961
65324727
35832250
64905630
77823767
23060298
68863484
65840008
14020306
11062782
80927395
17008594
90826380
95210047
12151106
98503621
18555553
51768610
78534720
33360588
17464504
61277344
88626195
27392795
82268633
2715043
91026021
30986778
87567705
93699335
69105387
88172680
87347142
22045308
62925463
75421583
19191623
29041065
65531532
54625301
13179896
17076168
11486335
17653456
24331770
32122628
43726975
73543647
19820765
64324026
87662022
55231346
14916817
79914720
38190036
65452113
31573050
556369
93507678
74051728
91054773
11129513
53719257
20386837
73536607
39653369
40688137
10194359
61570575
11264914
15896277
8750986
88092260
25259327
21851717
92473405
38057381
92975161
47555767
59474227
95821132
36986660
61085319
18123665
65046180
95845942
39532051
90509191
13808052
60008956
30254295
7478926
68512389
83112836
94992813
81991038
7740368
74162863
84307050
19941013
46193513
91037390
59107636
18527312
20370887
31010679
73409114
16571326
97072233
1916251
74766308
70271229
32559680
44554415
44958117
93634700
25072354
35896071
94847130
74163226
61723963
9180641
40504693
55184490
78325704
67628688
67718392
71530496
50203504
39260430
52048368
19378780
84861698
25371345
6783551
73111195
91433393
43917093
12828454
60390469
36831822
93398858
24541157
57058517
61632080
82188104
88653252
59123182
90145793
20479275
10614955
52746501
50112303
43250596
60835657
27537628
53066648
62288617
44984435
32659058
38889516
50135167
12896646
1460391
81854238
11940758
47137584
90271863
31463334
71599723
97568602
76517283
44197084
13793491
48449679
43977690
73894230
22410885
50747739
54944033
25848592
54424095
98271537
47947740
35274912
84695615
99389611
58860383
52463920
51556857
73386196
58196826
63969804
92084502
27097820
83574759
31032553
52912254
21863904
13312923
75998373
24908877
1362248
31637231
46721298
20572251
4060406
14755743
53073094
32112495
90615851
5073757
14223068
27687688
49861770
67128633
44725779
14807243
58033609
94181071
18446722
72111520
34417161
97293192
73882643
10963889
18624733
75844483
87167549
20266541
51776192
15782654
98306911
33863690
43923032
88761104
69127568
63002580
59347487
80245676
60912336
83036066
65914900
48414981
97369477
77133323
98132908
33593286
84821035
69747169
30003078
85954216
70729190
38957776
78491773
35897548
1129904
9172461
65366517
68883824
65669705
43017336
17299810
17669719
69599086
53828642
65734181
81578275
4811051
3798742
17006560
88691696
32081170
2418581
90165095
75601322
67731455
34918750
93987085
55450880
94125498
40542722
40211382
73947681
8097724
26668060
25445468
65979710
16369289
53118114
1978288
97019899
5646892
45229271
55028654
39064125
9285178
82963451
7138857
22685880
42067797
1395863
32076627
80724243
90862671
38969734
54095355
55058286
51276637
95980678
76247988
57333329
36648742
81455185
56502494
29103880
77275204
53468278
6922343
37425317
98345067
84189181
30903065
14821426
35188127
90174993
94597291
26060874
26451237
84351499
56628003
10172004
79443704
19589757
22017916
9170349
32136278
48967537
87548866
79903043
42793070
25426889
85683967
47746267
45157427
63591542
32799613
13758836
22685115
33396247
74750664
56142991
70123943
54713986
61925666
69479422
39770426
5981757
61503085
97233104
72789437
98513496
9516173
78522991
29866420
85243203
44950561
68388286
22752713
69520640
27205048
10013561
82128097
5939437
77955359
78041791
57848221
64462940
37825916
66319231
60640134
50841800
29568828
74257630
20876642
32433212
24001482
86964121
12727929
52802391
76501039
63259833
12705664
91225121
97348499
58775643
1567863
9977314
27128189
96310240
59903813
84851154
95846
16292681
61531496
16085005
27769755
76794979
54824243
95655702
17294282
65383970
16626098
11186212
3809054
64650134
99101792
75827036
64481381
70447409
11769319
80597150
79248790
88176925
33905333
38050198
54840715
55554464
38102440
69752557
61120573
76381146
71650967
45406466
21053168
12624481
3122683
84034421
87654937
60086850
31947786
8824200
11567948
82150855
92035801
10090733
90568719
17721529
26639556
39251190
34737755
19141774
72400347
5127056
65226944
69072021
23965795
73811548
88149056
5059857
11898515
55506113
48651021
90155932
5781254
32672536
55121197
7637213
6886089
61519035
30040095
78083990
23230241
97331804
98632496
51942721
22242761
7001780
95316291
95185424
72121235
95558136
3285329
61104237
7531063
56489355
92498841
70106911
11078782
29920885
6938149
86175337
3650879
42699054
52305824
71242662
43034008
22218273
35992566
79970140
42079018
17711642
8069442
85261737
28965602
25844735
75774573
38877358
34708516
7135718
46047737
45622598
87925468
16733571
67242720
62345488
39818054
39164555
40247786
83218877
76637864
48548370
646278
50240736
29579597
69494672
74223366
98199908
40231488
67041019
75299308
19853926
88362132
72224388
49945373
4154242
22732362
13432333
96333454
1833638
54250784
45548185
72593669
68916303
81802097
69914197
49483855
60228837
38921508
77255507
24481539
21180770
46304343
23188979
61641605
74859163
92358449
9572471
19293717
96758872
73441128
70031061
64804931
22907618
31885871
8488123
13607418
91030310
76537964
80874622
25567376
18776769
9173523
69787037
94908982
35529570
49138325
46829516
58483025
58307017
25716791
45836142
19567005
43530579
65683984
43337432
42673896
96027549
41361433
90550846
9922916
43229653
84800612
78289587
33797750
44947926
26215935
50947549
16971003
24099523
53045693
65664892
89005535
40394735
7425680
31658449
79285774
62857587
21991965
89337166
24865436
38143084
6141544
44228303
64979051
76686851
96476605
59016061
80906941
34984208
44948068
95153219
9896387
45776295
73746130
92310782
54725110
32539751
68939250
7277246
12253753
14377094
84795277
47118485
39308301
67666045
85570563
34138795
86283421
99892778
16965412
73291810
26508809
15602945
60009553
16187470
46228771
35957706
20199141
48599190
15862834
58399987
23742178
46162833
82337161
44411385
73729735
97171503
6078145
78860603
29430961
86012274
63555427
46627424
83516269
23650879
6949988
28255724
29420151
36566904
48820291
66028534
94752686
88157447
43307879
36890212
89046911
77904830
91667195
80000834
34686880
95351063
12082205
24643243
63836164
1273457
48402955
34428256
27013925
97276856
62561519
48264622
8111759
92078041
17711788
1989266
82610095
67808224
20626580
80686475
64873268
32895942
5535272
44040025
99310624
33924255
36106170
47681210
40972191
10780291
91652066
49207450
3449948
81662296
18533273
66149940
57412219
94205114
75119384
15679496
62065183
36358140
8985815
8807660
82649032
12466878
964253
73314459
75833348
38313843
99699065
24623896
23709922
17395910
60719965
63645202
95508082
1349239
13019923
85335587
26184697
14597742
39524970
7131677
5900184
84530244
49388100
85541664
85081135
2504612
52767919
77973989
74020321
20809113
94624699
28165647
759995
26454743
40214935
50545348
74356958
3235855
39231385
54806554
43417480
67647970
55358145
92677675
88317163
46863918
45378243
47440834
83481345
73346885
92735992
23327310
77399284
70843642
64903634
88794894
50007772
90300246
35772606
68438205
92032133
91845891
48866745
81028143
14610357
9920263
17264152
31459972
27135200
80546463
46542140
39033526
96217636
26816364
42201230
53157496
83572536
16540149
27005114
63401210
54839992
46726156
77906294
39828730
5928578
23975686
64044990
29527132
54261826
29447732
48076941
55674623
3611587
9921562
75493249
40184060
51211006
19613065
58283330
88755858
15475771
4602286
43738409
91810427
74435068
74891299
83213567
53056026
29996560
2863056
56038705
5797706
33583523
42245902
83540241
81283161
98341551
83668608
47279559
45877654
94809849
84539188
82648952
21061462
57776919
34787364
10333195
69586547
36409979
28743231
20768415
3630551
98978571
60629111
86645668
35063208
95047412
1197441
62954298
28178851
83782214
30674200
40842404
59720815
48973415
41341319
39553472
99331862
23499741
77277245
42644904
35130656
19602299
41793263
96272463
52501701
40437313
30478597
30110786
8510765
45247254
82944392
3423878
5947506
65904083
44013529
67203664
65495003
50005975
93184626
90768467
80617352
58290737
13181925
17828518
36988066
12495090
35395104
25174678
39306600
24836213
5404243
39665557
63135871
37632621
7327898
64533278
94087541
78250993
50311017
38800693
98519626
31281920
58015731
36720726
44155073
38083306
87754272
92280156
26621888
75981061
83534645
35641539
82806721
5246445
86979311
6147170
79112753
11890717
84556215
3456588
47702814
1551452
33417071
93550799
34846998
49025743
18404485
61309777
17832267
45750386
53240939
29191649
92623636
13285996
66345324
46408739
606096
60844121
20272944
31553173
93922269
40262253
68744717
24421260
37480143
31753624
51433096
1640298
99718879
54152184
52578358
15215524
49312638
11552749
54492557
29955751
11507306
1196692
24994739
61848967
46446915
59825960
7164361
71624564
11989004
64589224
79527097
10584465
4162644
90837825
63829575
1958365
15720470
34368233
21489689
61532153
40765418
18358447
3585846
46386988
56794787
91526811
22855062
63652568
13586661
14259602
91169563
97157361
6203231
91692812
8568541
15661312
85423851
52988292
56372413
91837345
45078715
66790404
16258597
20728570
61415465
18256827
67554696
88337524
4454973
19482601
13101165
69584141
54074340
69432136
18867048
89659863
89514274
25202729
36952904
77071068
23278542
87910677
87335795
28275194
62352271
17336556
45127377
87048655
86722010
66141126
45928010
74854982
81754358
61596820
72179500
99041126
48954986
77427700
61754288
6993671
25172522
86613830
97655476
28746059
84774978
40283055
47119234
10764115
68562316
79582780
35863550
97434606
28768270
22832020
56570713
33134228
30234467
55508968
83599770
69721943
97553992
55909168
76990875
38448457
32192804
27232298
29205735
1088920
50406363
66085870
96355510
6141679
26178223
83854991
16034670
43058980
1755680
17346292
70486908
32153043
86915169
74925223
44997443
6092033
96217142
34270386
50383930
15236434
14183064
1776968
10332433
98702282
37352513
5180797
97786392
4004691
31283677
78243768
45451916
746108
69320570
66421484
14237772
74953574
67077361
30486019
54766984
82689791
38695931
76341954
65750379
23176158
54793560
10224423
9221456
18799606
22750518
62897001
1903772
14070654
63872365
74282821
1434360
28635852
83340281
40305498
21846710
6325797
57406400
33821966
37690714
17554960
29414088
12937685
57172102
96181519
61573654
78466214
37670738
71145743
63152011
30975562
30541914
47103234
24500628
15121272
97042131
9023741
4636146
644082
82191407
30445821
84801592
76481796
23144657
55083023
78020412
34679192
99342948
54913128
68071179
71381403
62992689
87846577
36667563
32099044
4339117
81332041
98713351
46578329
94550911
54680549
2269687
26835227
6835153
99095080
19620558
63061730
58775200
73447759
21403981
39707621
38467016
93574230
38024558
78998037
40783912
29991101
18663629
39124126
39015829
42525304
15583136
42768390
65488649
61968832
86414075
6469368
64210093
14998819
31062580
21320485
88374727
89600923
11726313
88199952
56528959
92169889
15839493
54715429
9842226
33082773
45351623
40676699
28740819
72006484
94738642
66143084
98037105
8094135
48667110
51973409
81982669
27037734
89011093
96767555
73042725
23599867
35085474
18552222
29162849
45640668
41134622
22094482
16943673
13163783
96941491
70419661
41174791
95603157
58061818
63789923
7551856
4733666
7298103
38290190
76239961
43714593
88746275
5126373
94855839
26962272
62839917
14555370
14124244
45368562
8395723
64830743
11702982
86046854
29165389
1917125
42999946
80557653
13715506
79938638
53171829
32976605
90604135
11841982
75850024
6412900
69536013
69231728
9957619
87691828
48955332
19433019
10141497
93159741
90276276
213545
14321553
55909227
5674031
69281819
16154418
71727273
33017495
57794124
63463141
77625966
47931543
76524983
71887709
62355743
31073323
21971135
39009269
61491082
9537925
97441343
45739514
46803332
31514132
72869534
83253170
23547356
35844603
24066665
57661950
96491857
9900218
11762618
40764009
68562999
39468596
26341027
41947429
79159072
59396846
52103268
62538950
23205608
88123280
16697319
43959406
56687051
35188071
21921576
30567123
37258230
59854807
46750445
79837057
16363192
96637019
76412275
27857753
9893395
86793363
69445967
79796128
13964714
38314455
54267775
91218440
88824458
26740985
33998524
68133163
53053365
60803301
89507626
61231017
90127067
76261799
15385428
51630728
30688739
41983156
95071576
31639591
43850442
92203127
13938381
28496085
33460180
68866376
41825054
38283110
59258588
86017325
63104982
35276180
76494249
73653534
66662476
21950656
27638305
78510609
97835793
15421352
63814304
56188183
1186072
92792854
83418332
67237398
68861372
72412125
3658537
36456473
65009421
32361526
85370800
97302797
55761297
77485736
67528723
96505494
71558329
93432251
36821970
50203385
42299441
84715278
58281203
69574659
61995133
69677622
73619206
66651977
77998959
39764578
69961505
35707808
99708162
50566954
7589001
15383063
38919511
97283491
67416416
70352126
13390473
8890242
32748473
13565270
73437408
11207912
15651552
24480773
56000934
66732113
2877753
68947615
25193868
53354575
40438496
5172483
55830597
28197976
35313442
85796987
79795527
27275485
4830733
115052
6704353
64625481
53514320
71650402
52301296
23619906
22264219
84227772
12967691
62305369
74533992
85388121
6412479
61866734
98353918
9198348
67449375
84154906
28285496
40287629
6729033
76492146
41341586
82433008
18658274
23848569
27721688
78924790
15614768
56272016
53781941
36171493
83507111
55800247
55311905
57672135
54243171
96492436
37775906
30647012
55128262
64564882
7369983
22904540
96622950
50814311
58215183
56267638
18115541
56576474
20341376
90846828
47103893
34828062
96005040
41290205
65756815
50297979
54730301
80138962
94966805
58952702
23921245
91111307
16274577
99925416
96180850
95296654
31151287
98373084
13598611
44709413
68226658
93808709
93306214
68022435
48245619
78705217
51083449
62371474
1202712
44200120
43799205
33006649
81823672
43514570
53562691
39843105
99713014
72543784
31938126
76807191
77561084
43900384
22177508
44019428
88597339
96997016
32839761
25726095
7246004
60112276
75805286
25218570
80995471
22183648
36565435
94899292
17494323
72119117
43963767
17146066
88319512
70136332
7327939
58123672
944257
71971324
29755228
2888607
96969080
96892083
26184226
11068807
95120530
7961472
24466889
25016798
63407068
7990225
81591253
22315527
28965342
59570217
77768625
3450
82197333
60621562
76419644
15987137
11909772
43463378
14866148
3073081
57072154
18554717
28340882
44535611
40536929
16950296
93887451
37960977
9667653
42949408
17442158
8443213
97029069
42647434
40962164
31328162
37560282
19544474
2688691
35283676
15278318
87328734
32920146
99930
92676895
51707120
83440682
4133844
32673545
95313388
11768439
96208115
42287464
80005660
11438595
14403079
89855925
43080797
50142725
63897494
88906554
19144978
22465171
75069774
14293077
86869562
94798132
36871216
64931917
96740108
28331241
84585750
33236686
32214162
59199530
41530287
98705808
5413062
54625943
92159762
59582855
40275915
44925873
91867143
58708700
64731
37603910
85344767
16842433
69941892
97415675
86614794
30180869
3843049
34024432
93468076
76553371
25553169
36516922
64298988
28832446
66344624
42621453
37877553
97498600
76596391
69457055
62285036
52550824
63890880
8795343
42641246
80147650
31410894
66940429
67208884
85256607
89605185
82234738
27481064
82048563
15619631
53159831
53851702
36480181
91629191
88113760
70729029
75848750
93893985
33684409
23440409
3050262
55761137
53423501
48934591
23312718
52573643
26460001
13637417
3316362
38958543
37762540
51325528
15715309
16476594
77755965
70710863
77830090
46548449
32998467
96483863
93075419
82223764
14970070
52096662
55955955
85202609
94545772
61911189
64100932
42098364
5139715
39202845
72271183
84545231
29831771
72770523
92241562
37493271
32029952
59994776
25882065
53700210
17346987
52057513
66812577
42070438
79191793
92723371
73329633
31028991
83670197
18807443
75164273
43114903
6339807
29009177
73755138
95742681
20014611
49980730
42752239
17220972
3580188
80243300
37079868
69802281
33211029
96635548
1706960
3549265
34976095
55527677
55283158
22425257
49684680
88802120
38235101
67893306
98903861
35605418
18044919
82221860
33533143
69355394
6823802
46963787
55293702
46991940
27305695
76168913
6927963
12624826
4240796
17807126
8381929
11440925
58397702
19995901
6292143
8335402
61534650
40016895
8685071
20485701
12696627
66693386
61229160
95079765
32178399
27731572
82682834
61366317
70897394
29557711
66506808
78583597
53313931
17491034
11587671
51758415
64532617
18952592
33019310
1537010
66589273
88603501
20456914
86294842
39490322
2458188
13366539
62533610
7830796
7530368
22767675
51301674
98196357
14824772
9982822
56967077
35554354
82599660
40534604
66712677
87674611
72478217
96182275
46890031
38875156
44246631
38763342
330760
26281016
12501737
61476957
36051022
4448880
87904160
21427169
90849467
36079535
84698870
10667211
84099010
7603776
60376589
49676364
97636270
58149684
36575688
44352881
87653251
75110729
67035080
7079196
8349425
16330110
18224618
63963873
38966332
30782719
53341130
35054489
23526727
9633229
18825061
65038634
14879228
14680623
29018016
69024571
97473183
65308143
48668596
37102973
84903897
46573156
51515782
72509652
37993531
51867567
8796792
95623724
99943928
1948262
9116268
18687338
97440924
20342793
94059251
44207120
50334771
97709582
32596874
5425928
27751721
4149653
5041872
82950335
17298065
99071604
67473709
28749026
84216262
83329639
12433104
7793716
38937211
7848136
29581224
36319279
58994267
22801359
1225721
38902775
58590029
94219215
8102272
41524281
53089859
92894563
57402007
93004335
8290969
17992845
64820342
43701593
87130316
61734775
62987886
15029808
99006658
60313907
59447683
52897862
15212401
93494963
21253776
21590579
70280671
48387669
59563651
66368469
79690372
4426577
15715094
90158088
48266143
75391654
65580163
17732412
51833923
29428275
10721951
21149083
23306864
89719334
32704183
62922334
89997946
5271443
5190377
18017908
126951
70877932
89458035
37084960
66375066
8254668
98370083
23333022
90036154
22608596
53098179
46901601
86753964
35092098
18112536
49903322
41026626
20418190
11722344
81269919
20668484
63435
3903149
71646695
44332886
50747867
34502244
83942616
74401807
32639322
30664423
13055477
7503456
5171673
13600718
18841337
11768672
2588430
93277223
84177819
19146800
34600254
4615528
54183746
